carbons_total 18
fragment 4
silicium 3
sulfur  0
Nom del datafile     	417	418	419	420	421	422	423
commer_01.D            	911	144256	52288	24832	9517	2647	1037
commer_02.D            	929	127872	46416	21664	7421	2285	688
commer_03.D            	1039	135296	49192	22760	7967	2202	681
natural_01.D           	782	109024	39368	18592	7084	1894	674
natural_02.D           	1059	134528	49200	22968	7643	2027	644
natural_03.D           	1177	151808	54456	25152	8434	2396	773
B10n8_01.D             	867	105080	40672	29472	22152	68248	21936
B10_02.D             	1294	148416	56784	41776	29216	95936	31608
B10_03.D             	1311	150528	57464	42104	28776	95184	30776
B11n8_01.D             	673	67576	25768	19064	16002	44320	14340
B11_02.D             	1113	108120	41208	30208	25192	71648	23056
B11_03.D             	1056	98024	37736	27880	22280	65240	21328
B12n8_01.D             	1091	250304	95240	74224	48360	180288	57240
B12_02.D             	918	117448	45728	36096	28784	95920	30728
B12_03.D             	1540	194560	75856	58952	44088	152704	48896
B4_c801.D              	1296	239744	87064	43832	16085	4421	1499
B4_02.D              	1468	283968	103032	52080	16744	4777	1367
B4_03.D              	1598	300224	108576	54832	17880	5120	1375
B5_c801.D              	1277	212160	78016	38984	13210	3783	1105
B5_02.D              	1895	331392	120048	60376	17800	5044	1326
B5_03.D              	1835	297664	108208	55768	17232	4738	1194
B6_c801.D              	989	146240	53128	26744	12221	3627	1254
B6_02.D              	516	23536	8442	4540	5035	1705	809
B6_03.D              	515	2997	1204	719	4041	1435	657
R10n8_01.D             	856	110320	43184	34032	22680	66200	21704
R10_02.D             	1197	163072	65632	50376	31136	98704	31080
R10_03.D             	1421	175552	69144	53384	32440	103688	32432
R11n8_01.D             	790	108040	42136	32840	21728	63776	20312
R11_02.D             	1214	169984	67200	52344	33120	100352	32424
R11_03.D             	1207	161856	63624	49032	30968	96616	30776
R12n8_01.D             	791	111560	44456	33976	21560	64456	20120
R12_02.D             	957	141440	56584	43480	29032	84056	26656
R12_03.D             	1077	154112	60488	47360	31152	92824	29616
R4_c801.D              	242	189	293	169	150	92	87
R4_02.D              	446	255	302	176	162	88	85
R4_03.D              	504	303	275	162	126	90	95
R5_c801.D              	1009	132800	49312	24752	10256	3118	1062
R5_02.D              	1293	235392	86280	44472	15797	4591	1498
R5_03.D              	1290	224512	81928	42032	14970	4507	1401
R6_c801.D              	1333	323264	117528	60672	16236	4654	1017
R6_02.D              	1197	259584	93640	48920	16135	4567	1192
R6_03.D              	1379	287488	104120	54160	17704	5044	1366
B16c24_01.D             	810	185701	66060	35358	9361	2594	551
B16_02.D             	928	133597	47788	25571	15813	5023	1984
B17c24_01.D             	1018	191242	68043	36568	11126	3218	820
B17_02.D             	798	125989	44848	24128	13351	4205	1614
B18c24_01.D             	915	154024	54510	29045	10351	3070	923
B18_02.D             	775	111670	39562	21145	11951	3783	1454
B22n24_01.D             	996	79815	31825	24125	18590	35962	11448
B22_02.D             	1331	107565	42932	32512	23832	48121	15319
B23n24_01.D             	816	68190	27679	22397	17378	36202	11277
B23_02.D             	874	62643	25481	20563	16520	33399	10369
B24n24_01.D             	465	39150	15120	10834	9496	12744	3617
B24_02.D             	477	33618	12916	9230	8203	10966	3075
R16c24_01.D             	636	112441	37768	21251	6483	1939	523
R16_02.D             	735	113717	39678	22036	13211	4266	1751
R17c24_01.D             	600	98823	33180	18739	7201	2232	740
R17_02.D             	484	67219	22142	12607	9202	3041	1329
R18c24_01.D             	631	104784	35760	20253	10026	3172	1213
R18_02.D             	744	111794	38722	21848	11313	3616	1418
R22n24_01.D             	484	49452	19551	14501	11168	16862	4677
R22_02.D             	670	62893	25317	18634	12032	20755	5834
R23n24_01.D             	604	55715	22440	16496	14580	20092	5931
R23_02.D             	937	83871	34278	25106	15897	28250	8337
R24n24_01.D             	936	78762	32454	26395	22047	43263	13835
R24_02.D             	1381	101072	41633	33811	22779	53581	17014
finR24_02.D             	1381	101072	41633	33811	22779	53581	17014
