*** MID for each injection, corrected only for natural 13C, 29,30Si, 33,34S ***
Eee_commerc 0.895817 0.088122 0.01003 0.001774 0.003765 0 0 0.9995
VS1_natural 0.897510 0.084574 0.01112 0.001849 0.004168 0 0 0.9992
VS1_natural 0.897118 0.084990 0.01105 0.001917 0.004153 0 0 0.9992
Q33_3-13C-fitf 0.005899 0.930214 0.04881 0.009909 0.001414 0 0 0.9962
VS2_3-13C-Gln 0.006509 0.924719 0.05029 0.012120 0.002354 0 0 0.9960
VS2_3-13C-Gln 0.008189 0.924596 0.05009 0.010834 0.002296 0 0 0.9960
QUu_U-13C 0.002695 0.003999 0.01796 0.915805 0.049535 0 0 0.9900
VS3_U-13C-Gln 0.003722 0.007068 0.01844 0.910665 0.049380 0 0 0.9893
VS3_U-13C-Gln 0.004422 0.005814 0.01825 0.911301 0.049718 0 0 0.9895
VS4_90c:2m:8u 0.795683 0.097141 0.01242 0.084885 0.008142 0 0 0.9983
VS4_90c:2m:8u 0.796123 0.097240 0.01216 0.084771 0.008061 0 0 0.9984
VS6_4c:3m:3u 0.391679 0.299003 0.02373 0.264783 0.016462 0 0 0.9957
VS6_4c:3m:3u 0.391636 0.298880 0.02384 0.264742 0.016547 0 0 0.9956
VS7_95c:2m:3u 0.842217 0.107187 0.01194 0.032164 0.005388 0 0 0.9989
VS7_95c:2m:3u 0.842248 0.107108 0.01195 0.032173 0.005394 0 0 0.9989
final_95:2:3 0.842248 0.107108 0.01195 0.032173 0.005394 0 0 0.9989

*** Summed injections for each plate, corrected only for natural 13C, 29,30Si, 33,34S **
Eee_commerc 0.895817 0.088122 0.01003 0.001774 0.003765 0 0 0.9995
VS1_natural 0.897312 0.084784 0.01109 0.001883 0.004161 0 0 0.9992
Q33_3-13C-fitf 0.005899 0.930214 0.04881 0.009909 0.001414 0 0 0.9962
VS2_3-13C-Gln 0.007247 0.924665 0.05020 0.011555 0.002329 0 0 0.9960
QUu_U-13C 0.002695 0.003999 0.01796 0.915805 0.049535 0 0 0.9900
VS3_U-13C-Gln 0.004131 0.006337 0.01833 0.911036 0.049577 0 0 0.9894
VS4_90c:2m:8u 0.795945 0.097200 0.01227 0.084817 0.008094 0 0 0.9983
VS6_4c:3m:3u 0.391659 0.298945 0.02378 0.264764 0.016502 0 0 0.9957
VS7_95c:2m:3u 0.842232 0.107150 0.01195 0.032169 0.005391 0 0 0.9989
final_95:2:3 0.842248 0.107108 0.01195 0.032173 0.005394 0 0 0.9989

*** Statistics, samples fully corrected **
Eee_commerc 1.000000  3.770e-10 -5.248e-10 5.838e-10 -4.534e-10 0 0
VS1_natural 1.001669 -3.746e-03  1.355e-03 6.056e-05  4.071e-04 0 0
Q33_3-13C-fitf 0.007338  9.961e-01  0.000e+00 4.211e-03  4.516e-04 0 0
**sd** 0.001065  4.319e-03  1.319e-03 1.200e-03  6.129e-04 0 0
QUu_U-13C 0.003810  5.193e-03  1.912e-02 9.789e-01  0.000e+00 0 0
**sd** 0.001134  1.669e-03  1.666e-04 3.644e-03  2.399e-04 0 0
VS4_90c:2m:8u 0.888513  2.032e-02  2.339e-03 8.902e-02 -2.377e-04 0 0
VS6_4c:3m:3u 0.437209  2.799e-01  3.368e-03 2.809e-01 -1.143e-03 0 0
VS7_95c:2m:3u 0.940183  2.612e-02  1.074e-03 3.246e-02  1.402e-05 0 0
*** Correction factor: **
correction -0.09858 0.07883 0.01333 0.00212 0.003767 0.0005361 1 1

*** 99% CI: **
 mid:  VS1_natural 1.002 -0.003746 0.001355 6.056e-05 0.0004071 0 0  chi= 0 
 mid:  VS1_natural 1.002 -0.003746 0.001355 6.056e-05 0.0004071 0 0  chi= 0 
 mid:  Q33_3-13C-fitf 0.007338 0.9961 0 0.004211 0.0004516 0 0  chi= 0 
 mid:  Q33_3-13C-fitf 0.007338 0.9961 0 0.004211 0.0004516 0 0  chi= 0 
