*** MID for each injection, corrected only for natural 13C, 29,30Si, 33,34S ***

E_cold 0.983847 0.007670 0.006571 0.0001751 0.0016081 0.0001286 0 0 0.9999
Q3-13C 0.004001 0.982109 0.005780 0.0064020 0.0003046 0.0014037 0 0 0.9999
QU-13C 0.002518 0.001871 0.009772 0.0211168 0.9570544 0.0076679 0 0 0.9937
VS1_coldGln 0.984828 0.006042 0.006519 0.0006210 0.0017416 0.0002487 0 0 0.9998
VS1_coldGln 0.984618 0.006152 0.006548 0.0006810 0.0017616 0.0002392 0 0 0.9998
VS2_3-13C-Gln 0.004693 0.979333 0.005571 0.0069629 0.0018224 0.0016179 0 0 0.9998
VS2_3-13C-Gln 0.006514 0.978897 0.005582 0.0069710 0.0003993 0.0016365 0 0 0.9998
VS3_U-13C-Gln 0.003491 0.004796 0.009838 0.0222273 0.9522192 0.0074289 0 0 0.9937
VS3_U-13C-Gln 0.004246 0.003460 0.009986 0.0216194 0.9532450 0.0074440 0 0 0.9937
VS4_cold:3:U90:2:8 0.873795 0.027627 0.006825 0.0026955 0.0881382 0.0009183 0 0 0.9992
VS4_cold:3:U90:2:8 0.874002 0.027611 0.006829 0.0024337 0.0882426 0.0008815 0 0 0.9993
VS5_cold:3:U90:8:2 0.847868 0.083422 0.006604 0.0020010 0.0593743 0.0007296 0 0 0.9995
VS5_cold:3:U90:8:2 0.848119 0.082510 0.006658 0.0023641 0.0595082 0.0008402 0 0 0.9994
VS6_cold:3:U40:30:30 0.429574 0.277891 0.007317 0.0082813 0.2743144 0.0026221 0 0 0.9981
VS6_cold:3:U40:30:30 0.429818 0.277694 0.007380 0.0083427 0.2741373 0.0026277 0 0 0.9981
VS7cold:3:U95:2:3 0.924847 0.033811 0.006587 0.0012804 0.0330120 0.0004634 0 0 0.9996
VS7cold:3:U95:2:3 0.924702 0.033753 0.006608 0.0014220 0.0330422 0.0004726 0 0 0.9996
final:3:U95:2:3 0.924702 0.033753 0.006608 0.0014220 0.0330422 0.0004726 0 0 0.9996
*** Summed injections for each plate, corrected only for natural 13C, 29,30Si, 33,34S **

E_cold 0.983847 0.007670 0.006571 0.0001751 0.0016081 0.0001286 0 0 0.9999
Q3-13C 0.004001 0.982109 0.005780 0.0064020 0.0003046 0.0014037 0 0 0.9999
QU-13C 0.002518 0.001871 0.009772 0.0211168 0.9570544 0.0076679 0 0 0.9937
VS1_coldGln 0.984722 0.006097 0.006534 0.0006512 0.0017517 0.0002439 0 0 0.9998
VS2_3-13C-Gln 0.005491 0.979142 0.005576 0.0069664 0.0011989 0.0016261 0 0 0.9998
VS3_U-13C-Gln 0.003933 0.004014 0.009924 0.0218713 0.9528199 0.0074377 0 0 0.9937
VS4_cold:3:U90:2:8 0.873920 0.027617 0.006828 0.0025383 0.0882008 0.0008962 0 0 0.9993
VS5_cold:3:U90:8:2 0.847913 0.083260 0.006614 0.0020656 0.0593981 0.0007493 0 0 0.9994
VS6_cold:3:U40:30:30 0.429688 0.277799 0.007347 0.0083100 0.2742316 0.0026247 0 0 0.9981
VS7cold:3:U95:2:3 0.924779 0.033784 0.006597 0.0013469 0.0330261 0.0004677 0 0 0.9996
final:3:U95:2:3 0.924702 0.033753 0.006608 0.0014220 0.0330422 0.0004726 0 0 0.9996
*** Statistics, samples fully corrected **

E_cold 1.000000  0.000000  2.266e-19 -8.541e-19 9.241e-19 -1.489e-19 0
Q3-13C 0.004067  0.991047  1.546e-03  2.690e-03 1.485e-04  5.016e-04 0
QU-13C 0.002545  0.001859  9.694e-03  2.120e-02 9.610e-01  3.650e-03 0
**mean** 0.003306  0.496453  5.620e-03  1.195e-02 4.806e-01  2.076e-03 0
**sd** 0.001076  0.699462  5.762e-03  1.309e-02 6.795e-01  2.226e-03 0
VS1_coldGln 1.000889 -0.001594 -3.732e-05  4.867e-04 1.415e-04  1.151e-04 0
VS2_3-13C-Gln 0.005581  0.988034  1.344e-03  3.271e-03 1.047e-03  7.225e-04 0
VS3_U-13C-Gln 0.003977  0.003998  9.828e-03  2.195e-02 9.568e-01  3.432e-03 0
VS4_cold:3:U90:2:8 0.887840  0.020985  9.000e-04  2.325e-03 8.755e-02  3.998e-04 0
VS5_cold:3:U90:8:2 0.861554  0.077327  6.214e-04  1.638e-03 5.853e-02  3.260e-04 0
VS6_cold:3:U40:30:30 0.436077  0.276543  3.294e-03  7.248e-03 2.757e-01  1.172e-03 0
**mean** 0.728490  0.124952  1.605e-03  3.737e-03 1.406e-01  6.326e-04 0
**sd** 0.253578  0.134271  1.469e-03  3.060e-03 1.179e-01  4.685e-04 0
VS7cold:3:U95:2:3 0.939797  0.026813  3.054e-04  1.092e-03 3.180e-02  1.902e-04 0
final:3:U95:2:3 0.939719  0.026783  3.171e-04  1.167e-03 3.182e-02  1.948e-04 0
*** Correction factor: **
correction -0.01525 0.006238 0.006661 0.0004576 0.001583 0.0001637 0.000148 0.000148 1
