carbons_total 5
Fragment 4
silicio 0         
azufre 0
m/z                     151     152     153     154     155     156     157     158
Eee_commerc             6293    712362  110422 12185    1821    3166    528     8002
VS1_natural	        1868	214881	32414	3899	576	1055	224	1620
VS1_natural	        1902	218321	33044	3951	602	1069	225	1654
Q33_3-13C-fitf          1562    10455   652415  63645   8745    1225    2767    386
VS2_3-13C-Gln	        730	4195	250988	24976	4012	752	1145	252
VS2_3-13C-Gln	        561	3644	196887	19546	2866	571	896	215
QUu_U-13C               315     2406    3923    24427 833038    64103   9910    838
VS3_U-13C-Gln	        160	1004	2018	7505	249305	19220	3183	362
VS3_U-13C-Gln	        198	1661	2370	10421	349383	27052	4368	467
VS4_90c:2m:8u	        2273	258871	46331	6143	28697	3406	647	1991
VS4_90c:2m:8u	        3334	382707	68515	8953	42340	4990	911	2922
VS6_4c:3m:3u	        2238	210835	173277	21830	146832	12470	2588	1842
VS6_4c:3m:3u	        1972	184601	151675	19164	128559	10961	2274	1635
VS7_95c:2m:3u	        4278	496536	91450	10831	19898	3760	760	3718
VS7_95c:2m:3u	        3795	437864	80601	9551	17551	3319	686	3301
final_95:2:3	        3795	437864	80601	9551	17551	3319	686	3301
