carbons_total 6
Fragment 5
silicio 0         
azufre 0
m/z                     197	198	199	200	201	202	203	204     205
E_cold                  6066	858440	64086	7830	466	1477	154	138	7
Q3-13C                  7318	11144	762898	46994	6229	440	1160	118	122
QU-13C                  271	2493	2130	10253	32258	982673	29957	6812	258
VS1_coldGln		1645	226377	16520	2031	228	425	71	57	113
VS1_coldGln		1682	230400	16840	2076	247	438	70	56	114
VS2_3-13C-Gln		2896	3897	254422	15623	2233	560	456	58	81
VS2_3-13C-Gln		2233	3403	198354	12182	1740	139	353	47	65
VS3_U-13C-Gln		179	899	1317	2711	8613	252598	7646	1746	106
VS3_U-13C-Gln		203	1536	1396	3857	11954	357391	10821	2480	131
VS4_cold:3:U90:2:8	2061	273308	26982	3186	1291	28826	950	258	134
VS4_cold:3:U90:2:8	3047	410469	40512	4784	1812	43329	1409	380	184
VS5_cold:3:U90:8:2	5693	734832	122048	11290	2729	53777	1875	515	254
VS5_cold:3:U90:8:2	1312	159211	26266	2447	662	11677	429	121	92
VS6_cold:3:U40:30:30	3150	224049	160409	12440	6362	148614	4765	1099	173
VS6_cold:3:U40:30:30	2787	197035	140906	10959	5621	130539	4189	964	161
VS7cold:3:U95:2:3	3884	528034	54759	5916	1173	19715	723	241	214
VS7cold:3:U95:2:3	3461	467819	48488	5252	1114	17488	646	210	190
final:3:U95:2:3	        3461	467819	48488	5252	1114	17488	646	210	190
